60 58 56 56 56 56 56 56 56 56 56 56 56 56 56 56 56 56 56 56 56 56 56 56 56 56 56 56 56 56 56 56 56 56 56 56 58 56 56 56 56 56 56 56 56 56 56 56 56 56 
56 56 56 56 56 59 56 56 60 56 56 56 56 56 56 56 59 56 56 56 56 56 56 56 56 56 56 56 59 56 56 56 56 56 56 56 56 56 56 56 56 56 56 56 56 56 56 56 56 56 
56 56 57 56 56 56 56 56 56 56 56 56 58 56 56 56 56 56 56 56 59 56 56 56 56 56 56 56 56 56 56 56 56 56 56 56 56 56 56 56 56 56 56 56 59 56 56 56 60 56 
56 56 56 56 56 61 56 56 56 56 56 56 56 56 56 56 56 57 56 56 56 56 56 56 56 56 56 56 56 56 56 56 56 56 56 56 56 56 56 56 60 56 56 56 56 56 56 56 56 56 
56 56 60 56 56 56 56 56 57 56 56 59 56 56 56 56 56 56 56 56 56 56 56 56 56 56 56 56 56 56 56 56 59 56 56 56 56 56 56 56 56 56 56 56 56 56 56 56 56 56 
56 56 56 56 56 56 56 56 56 56 56 56 56 56 56 60 56 56 56 56 56 56 56 56 56 58 56 56 56 56 57 56 56 56 56 56 56 56 56 59 56 56 56 56 58 56 56 56 56 56 
56 56 56 56 56 56 56 56 56 56 56 56 56 56 56 56 56 56 56 56 56 56 56 56 56 56 56 56 56 56 56 56 56 56 56 56 56 56 56 56 56 56 56 56 56 56 56 56 56 56 
56 56 59 56 56 60 56 56 56 56 56 56 56 56 56 56 56 56 56 59 56 56 56 56 56 56 56 56 56 56 56 56 56 56 56 58 56 56 56 56 56 56 56 56 59 56 56 56 56 56 
56 58 56 56 56 56 56 56 56 58 56 56 56 57 56 56 56 56 56 56 56 56 56 56 56 56 57 56 60 56 56 56 56 56 56 56 56 56 56 56 56 56 56 56 56 56 56 56 58 56 
56 56 56 56 56 56 56 56 56 56 56 59 56 56 56 56 56 56 56 56 56 56 56 56 56 56 56 56 56 56 56 56 56 56 56 56 56 56 56 56 56 56 56 56 56 56 56 56 56 56 
56 56 56 56 56 56 57 56 56 56 56 56 56 60 56 56 56 56 56 56 56 56 56 58 56 56 56 56 56 56 56 56 56 56 56 56 56 56 56 56 56 56 56 56 56 56 56 56 56 56 
56 56 56 56 56 56 56 56 56 56 56 56 56 56 56 56 56 56 56 56 60 56 56 56 56 56 56 56 56 56 56 56 59 56 56 56 56 56 56 56 56 56 56 56 56 56 56 56 56 56 
56 56 56 60 56 56 56 56 59 56 56 56 56 56 59 56 56 56 56 56 56 56 56 56 56 56 56 56 56 57 56 56 56 56 56 56 56 56 56 56 58 56 56 56 59 56 56 56 56 56 
58 56 56 56 56 56 56 56 56 56 56 56 56 56 56 56 56 56 56 57 56 56 59 59 59 59 56 56 56 56 56 56 56 56 56 56 56 56 56 56 56 56 56 56 56 56 56 56 56 56 
56 56 56 56 56 56 56 56 56 56 56 56 56 56 56 56 56 56 56 56 56 59 56 56 58 56 59 56 56 56 56 56 56 56 56 56 56 56 56 56 56 56 56 56 56 56 56 56 56 56 
56 56 56 56 56 56 56 56 56 56 58 56 56 56 56 56 56 56 56 56 56 59 56 56 56 56 59 56 56 56 56 56 56 56 56 56 56 56 56 56 56 56 56 56 56 56 56 56 56 56 
56 56 56 56 60 56 56 56 56 56 56 56 56 56 58 56 56 56 56 56 56 59 56 56 56 56 59 56 57 56 60 56 56 56 56 56 56 56 56 56 56 56 56 56 56 56 56 56 56 56 
56 59 56 56 56 56 56 56 56 56 56 56 56 56 56 56 56 56 56 56 56 59 56 56 56 56 59 56 56 56 56 56 56 56 56 56 56 56 56 56 56 56 56 56 59 56 56 56 56 56 
56 56 56 56 56 56 56 56 56 56 56 56 56 56 57 56 56 56 56 59 59 59 59 59 59 59 59 59 59 56 56 56 56 56 56 56 56 56 60 56 56 56 56 56 56 56 56 56 56 56 
56 56 56 56 56 56 56 56 56 56 56 59 56 56 56 56 56 56 59 57 56 56 56 56 56 56 56 56 57 59 56 56 56 56 56 56 56 56 56 56 56 56 56 56 56 56 56 59 56 56 
56 56 56 57 56 56 56 56 56 56 56 56 56 56 56 56 56 56 59 56 56 56 56 56 56 56 56 56 56 59 56 56 56 56 56 56 56 56 56 56 56 56 56 56 56 56 56 56 56 56 
56 56 56 56 56 56 56 56 56 56 56 56 56 56 56 56 56 56 59 56 56 56 56 56 56 56 56 56 56 59 56 56 56 56 60 56 56 56 56 58 56 56 56 60 56 56 56 56 56 56 
56 56 56 56 56 56 56 56 56 56 56 56 56 56 56 56 56 56 59 56 56 56 56 56 56 56 56 56 56 59 56 56 56 56 56 56 56 56 56 56 56 56 56 56 56 56 56 56 56 56 
56 56 56 56 56 56 56 56 56 56 56 56 56 56 56 56 56 56 59 56 56 56 56 56 56 56 56 56 56 59 56 56 56 56 56 56 59 56 56 56 56 56 56 56 56 56 56 58 56 56 
56 56 56 56 56 56 56 56 56 57 56 56 56 56 60 56 56 56 59 56 56 56 56 56 56 56 56 56 56 59 56 56 56 56 56 56 56 56 56 56 56 56 56 56 56 56 56 56 56 56 
56 56 60 56 56 56 56 56 56 56 56 56 56 56 56 56 56 56 59 56 56 56 56 56 56 56 56 56 56 59 56 56 56 56 56 56 56 56 56 56 56 60 56 56 56 56 56 59 56 56 
56 56 56 56 56 56 56 56 56 56 56 56 56 56 59 56 56 56 59 56 56 56 56 56 56 56 56 56 56 59 56 56 58 56 56 56 56 56 56 56 56 56 56 56 56 56 56 56 56 56 
56 56 56 56 56 56 56 56 56 56 56 56 56 56 56 56 56 56 56 59 59 59 59 56 56 59 59 59 59 56 56 56 56 56 56 56 56 56 59 56 56 56 56 56 56 56 56 56 56 56 
56 56 56 56 59 56 56 56 56 56 56 56 56 56 56 56 56 56 56 56 56 56 59 56 56 59 56 56 56 56 56 56 56 56 56 56 56 56 56 56 56 56 56 56 56 56 56 56 56 56 
56 56 56 56 56 56 56 56 56 56 56 56 56 56 56 56 56 56 56 56 56 56 59 56 56 59 56 56 56 56 56 56 56 56 56 56 56 56 56 56 56 56 56 56 59 56 56 56 56 56 
56 56 56 56 56 56 56 56 56 56 56 56 56 56 56 56 56 56 56 56 56 56 60 56 56 60 56 56 56 56 56 59 56 56 56 56 56 56 56 56 56 56 56 56 56 56 56 56 56 56 
57 56 56 56 56 56 56 56 56 56 56 56 56 56 56 56 56 56 56 56 56 56 56 56 56 56 56 56 56 56 56 56 56 56 56 56 56 56 58 56 56 56 56 56 56 56 56 56 56 56 
58 56 56 56 56 60 56 56 56 56 56 56 56 56 56 56 56 56 56 56 56 56 56 56 56 56 56 56 56 56 56 56 56 56 56 56 56 56 56 56 56 56 56 56 56 56 56 56 56 58 
56 56 56 56 59 56 56 56 56 56 56 56 56 56 56 56 56 56 56 59 56 56 56 56 56 56 56 56 56 56 56 56 56 56 56 56 56 56 56 56 56 56 56 56 56 56 56 56 59 56 
56 56 56 56 56 56 56 56 56 56 56 58 56 56 56 56 56 56 56 56 57 56 56 56 56 56 56 59 56 56 56 56 56 56 56 56 56 56 56 56 56 59 56 56 56 56 56 56 56 56 
56 56 57 56 56 56 56 56 56 56 56 56 56 56 56 56 57 56 56 56 56 56 56 56 56 56 56 56 56 56 56 56 56 60 56 56 56 56 56 56 57 56 56 56 56 56 56 56 56 56 
56 56 56 56 56 56 56 56 56 56 56 56 56 56 56 56 56 56 56 56 56 56 56 56 56 56 56 56 56 56 56 56 56 56 58 56 56 56 56 56 56 56 56 56 56 56 56 56 56 56 
56 56 56 56 56 56 56 56 56 56 56 56 56 56 56 56 56 56 56 56 56 56 56 56 56 56 56 56 56 56 56 56 56 56 56 59 56 56 56 56 56 56 56 56 56 56 56 60 59 56 
56 56 56 56 56 56 56 59 56 56 56 56 60 56 56 56 56 56 56 56 56 56 56 56 56 56 59 56 56 56 56 56 56 56 56 56 56 56 56 56 56 56 56 56 56 56 56 56 56 56 
56 59 56 56 56 56 60 56 56 56 56 56 56 59 56 56 56 56 56 56 56 56 56 56 56 60 56 56 56 56 56 56 56 56 56 59 56 56 56 56 56 56 56 56 56 56 56 56 56 56 
60 56 56 56 56 56 56 56 56 56 56 56 56 56 56 56 56 56 56 59 56 56 56 56 56 56 56 56 56 56 56 56 58 56 56 56 60 56 56 56 56 56 56 56 56 56 56 56 56 56 
56 56 56 56 56 56 56 56 58 56 56 56 56 56 56 56 56 56 58 56 56 56 56 56 56 56 56 56 56 56 56 56 56 56 56 56 56 56 56 56 56 56 56 56 56 59 56 56 56 56 
56 56 56 56 57 56 56 56 56 56 56 56 56 56 56 56 56 56 56 56 56 56 56 56 56 56 56 56 56 56 56 56 56 56 56 56 56 56 56 56 56 56 56 56 56 56 57 56 56 56 
56 56 56 56 56 56 56 56 56 56 56 56 56 56 56 56 56 56 56 56 56 56 56 56 56 56 56 57 56 56 59 56 56 56 56 56 56 59 56 56 56 56 56 56 56 56 56 56 56 56 
56 56 56 56 59 59 59 59 59 56 56 56 56 56 59 56 56 56 56 56 56 56 56 56 56 56 56 56 56 56 56 56 56 56 56 56 56 56 60 56 56 56 56 56 56 56 56 56 56 56 
56 56 56 56 59 56 56 56 56 56 56 56 56 60 56 56 56 56 56 56 56 56 56 56 56 56 56 56 56 56 56 56 56 56 56 56 56 56 56 56 56 56 56 56 56 56 56 56 56 56 
59 59 59 59 59 56 56 56 56 56 56 56 56 56 56 56 56 56 56 56 56 56 56 56 60 56 56 56 56 56 56 56 56 56 56 56 56 56 56 56 56 56 56 58 56 56 56 56 56 56 
56 56 56 56 56 56 56 59 59 56 56 56 56 56 56 56 59 56 56 56 56 56 56 56 58 56 56 56 56 56 56 56 56 56 56 56 56 56 56 56 56 56 56 56 59 56 56 56 56 56 
56 56 56 56 56 56 56 59 56 56 56 56 56 56 56 56 56 56 56 59 56 56 56 56 56 56 56 56 56 56 56 56 56 59 56 56 56 56 56 56 56 56 56 56 56 56 56 56 59 56 
56 56 56 56 56 56 56 59 56 56 56 56 56 56 56 56 56 56 60 56 56 56 56 56 56 56 56 56 56 56 56 56 56 56 57 56 56 56 56 56 56 56 56 56 56 56 56 56 56 60